[gd_scene load_steps=9 format=2]

[ext_resource path="res://prefab/hall/hall_room_border.tscn" type="PackedScene" id=1]
[ext_resource path="res://prefab/hall/ceramic_small_hall.tscn" type="PackedScene" id=2]
[ext_resource path="res://prefab/hall/concrete_hall_6x5.tscn" type="PackedScene" id=3]
[ext_resource path="res://prefab/pile/wood_crate_3_pile_2.tscn" type="PackedScene" id=4]
[ext_resource path="res://prefab/pile/barrier_pile_1.tscn" type="PackedScene" id=6]
[ext_resource path="res://prefab/hall/concrete_hall_12x5.tscn" type="PackedScene" id=8]
[ext_resource path="res://prefab/crate/wood_crate_2.tscn" type="PackedScene" id=9]
[ext_resource path="res://prefab/plant/sphere_shrub.tscn" type="PackedScene" id=11]

[node name="ConcreteLHall2" type="Spatial"]
transform = Transform( -1.62921e-07, 0, 1, 0, 1, 0, -1, 0, -1.62921e-07, 0, 0, 0 )

[node name="CeramicSmallHall" parent="." instance=ExtResource( 2 )]
transform = Transform( -1.62921e-07, 0, 1, 0, 1, 0, -1, 0, -1.62921e-07, 16, 0, 0.5 )

[node name="HallRoomBorder" parent="." instance=ExtResource( 1 )]
transform = Transform( -1, 0, -3.25841e-07, 0, 1, 0, 3.25841e-07, 0, -1, 16, 0, 6.5 )

[node name="CeramicSmallHall2" parent="." instance=ExtResource( 2 )]
transform = Transform( 1, 0, 0, 0, 1, 0, 0, 0, 1, 10, 0, 6.5 )

[node name="ConcreteHall6x5" parent="." instance=ExtResource( 3 )]
transform = Transform( 1, 0, 0, 0, 1, 0, 0, 0, 1, -7.5, 0, 5.5 )

[node name="HallRoomBorder2" parent="." instance=ExtResource( 1 )]
transform = Transform( -1.62921e-07, 0, 1, 0, 1, 0, -1, 0, -1.62921e-07, -16, 0, 5.5 )

[node name="ConcreteHall12x5" parent="." instance=ExtResource( 8 )]
transform = Transform( -1.62921e-07, 0, 1, 0, 1, 0, -1, 0, -1.62921e-07, -16, 0, -6 )

[node name="BarrierPile1" parent="." instance=ExtResource( 6 )]
transform = Transform( 1, 0, 0, 0, 1, 0, 0, 0, 1, 16, -1.54, 6.5 )

[node name="WoodCrate3Pile2" parent="." instance=ExtResource( 4 )]
transform = Transform( 1, 0, 0, 0, 1, 0, 0, 0, 1, -16, -1.66, 5.5 )

[node name="Object" type="Spatial" parent="."]
transform = Transform( 1, 0, 0, 0, 1, 0, 0, 0, 1, -16, 0, 5.5 )

[node name="WoodCrate2" parent="Object" instance=ExtResource( 9 )]
transform = Transform( 1, 0, 0, 0, 0.0871556, -0.996195, 0, 0.996195, 0.0871556, 3.957, -1.799, -4.007 )

[node name="WoodCrate2_2" parent="Object" instance=ExtResource( 9 )]
transform = Transform( 0.707107, -0.704416, -0.0616283, 0, 0.0871556, -0.996195, 0.707107, 0.704416, 0.0616283, 3.16086, -1.799, -3.66169 )

[node name="WoodCrate2_3" parent="Object" instance=ExtResource( 9 )]
transform = Transform( 0.707107, 0.704416, 0.0616283, 0, 0.0871556, -0.996195, -0.707107, 0.704416, 0.0616283, 3.88404, -1.799, -3.09948 )

[node name="WoodCrate2_4" parent="Object" instance=ExtResource( 9 )]
transform = Transform( 1, 0, 0, 0, 1, 0, 0, 0, 1, -4.04542, -1.804, 3.98623 )

[node name="WoodCrate2_5" parent="Object" instance=ExtResource( 9 )]
transform = Transform( -1, 3.25841e-07, 0, -3.25841e-07, -1, 0, 0, 0, 1, -3.70648, -1.804, 3.15617 )

[node name="WoodCrate2_6" parent="Object" instance=ExtResource( 9 )]
transform = Transform( -1, 3.25841e-07, 0, -3.25841e-07, -1, 0, 0, 0, 1, -3.27562, -1.804, 3.74335 )

[node name="SphereShrub" parent="Object" instance=ExtResource( 11 )]
transform = Transform( 1, 0, 0, 0, 1, 0, 0, 0, 1, 4.15, -1.5, 4.15 )
