[gd_scene load_steps=2 format=2]

[ext_resource path="res://prefab/object/concrete_cube.tscn" type="PackedScene" id=1]

[node name="CentralBarrier" type="Spatial"]

[node name="ConcreteCube1" parent="." instance=ExtResource( 1 )]
transform = Transform( 0.707107, 0, 0.707107, 0, 1, 0, -0.707107, 0, 0.707107, 0, 0, -1.5 )

[node name="ConcreteCube2" parent="." instance=ExtResource( 1 )]
transform = Transform( 0.707107, 0, 0.707107, 0, 1, 0, -0.707107, 0, 0.707107, -1.1, 0, -1.1 )

[node name="ConcreteCube3" parent="." instance=ExtResource( 1 )]
transform = Transform( 0.707107, 0, 0.707107, 0, 1, 0, -0.707107, 0, 0.707107, 1.1, 0, -1.1 )

[node name="ConcreteCube4" parent="." instance=ExtResource( 1 )]
transform = Transform( 0.707107, 0, 0.707107, 0, 1, 0, -0.707107, 0, 0.707107, -0.7, 0, 0 )

[node name="ConcreteCube5" parent="." instance=ExtResource( 1 )]
transform = Transform( 0.707107, 0, 0.707107, 0, 1, 0, -0.707107, 0, 0.707107, 0.7, 0, 0 )

[node name="ConcreteCube6" parent="." instance=ExtResource( 1 )]
transform = Transform( 0.707107, 0, 0.707107, 0, 1, 0, -0.707107, 0, 0.707107, -1.1, 0, 1.1 )

[node name="ConcreteCube7" parent="." instance=ExtResource( 1 )]
transform = Transform( 0.707107, 0, 0.707107, 0, 1, 0, -0.707107, 0, 0.707107, 1.1, 0, 1.1 )

[node name="ConcreteCube8" parent="." instance=ExtResource( 1 )]
transform = Transform( 0.707107, 0, 0.707107, 0, 1, 0, -0.707107, 0, 0.707107, 0, 0, 1.5 )
